R value is :4
Ip Address is :localhost
Port number is :64277
what is the sum for last 5 integers?
36536
56286
47069
13615
40134
15703
The sum of last 5 integers is 155612
what is the sum for last 1000 integers?
41379
56847
26336
14850
47593
25599
52046
16610
23924
18844
9655
11101
11132
3390
43993
38873
2346
5981
40054
58005
50514
31876
29754
59569
65278
23513
37560
36451
62681
57476
43199
47543
50390
5215
35281
52659
33251
4835
28786
42236
7094
54613
61147
56424
18738
19988
57305
28103
23150
12203
22442
2326
24067
19375
40264
65147
30759
17662
1869
49711
11372
4405
59985
65127
5865
46713
43216
31463
23704
13582
30908
46665
64511
15332
51962
17126
27095
24594
4036
56231
38772
29695
62936
46415
51460
8190
22875
2167
11992
48987
25727
33071
62256
13932
63077
41338
2289
45165
591
16372
46990
57673
40957
24019
44190
32454
57612
63631
44747
14032
63253
53201
5547
874
9859
15044
39273
26727
6043
64266
55745
64741
53057
64802
37441
35825
30997
7348
45255
24393
31493
20198
46925
40733
46987
41717
64208
10496
3571
46947
4233
23337
30880
14415
10275
33865
18899
23559
7802
55031
1951
57691
32169
22019
39964
27686
2819
11817
47733
7841
5247
46930
26312
15397
9246
4659
50035
26963
41675
13019
60175
41384
42380
10890
4255
7890
15621
62076
18986
56858
50218
42056
26560
56138
11431
3843
9898
40715
32357
17609
43427
6843
40805
19166
65328
31246
9498
43423
2640
57835
16731
29950
8597
58450
33079
7356
48642
51662
44453
46434
25468
20170
31531
44981
37930
3801
29771
28912
35230
4277
50456
58901
21482
42433
11938
7225
45840
43255
42064
55532
15460
36025
32771
52679
34218
58290
4080
8095
44227
62703
37996
26489
26755
32173
30636
39458
19599
50483
18156
56562
37158
5223
34679
46638
4371
18112
8711
50545
12389
2441
33594
45681
27332
20114
19720
844
42138
53181
19348
61012
5286
14511
17224
61123
27553
30280
45527
44558
2997
37415
52641
31429
56769
33308
40304
42754
23774
8663
22289
56658
35792
36885
4670
49234
12545
3185
58030
21398
23739
4872
40010
53948
60274
63911
49893
45714
48470
59181
56243
52852
50317
59914
3132
36862
13212
64750
63071
60221
38825
1615
20756
12282
18843
8107
13759
16855
52134
42065
31104
21185
35548
23124
5241
13086
59292
49958
5298
46318
7333
3841
55192
16865
22314
60812
46195
55132
23269
19258
23280
50494
59575
31065
33202
16828
57703
23707
35523
62174
64827
8317
5972
4207
4890
44566
27484
32908
53169
2218
18916
26001
15214
58283
13215
4872
11720
5945
7950
12427
57239
43072
25623
22471
23106
1293
45218
54125
10113
9185
1180
47629
18468
34140
28960
52964
18706
19334
31166
30081
21349
61500
60962
29007
63824
46014
12041
158
50327
59936
35401
31012
23616
24183
11161
34212
26656
62336
19753
23672
18806
51290
29948
60252
40505
22470
31150
43391
4100
4103
9047
17592
7606
42795
15676
28052
25229
62863
29924
16499
37888
48411
55199
53479
38526
46705
49654
38025
60065
56496
18868
25117
59219
8579
42870
12529
59949
60424
41826
37994
5860
31604
53601
58629
6639
4053
13536
13101
48921
45457
17796
5389
46690
52126
57182
18575
28950
12880
51216
62148
53263
51236
6720
32978
7360
21364
12573
1706
53272
61311
971
29182
46425
31300
23202
39481
45252
28327
58987
22646
37313
12121
39278
6717
25319
25045
23390
60661
39384
64367
23315
32010
54580
9114
61766
16999
15808
24022
54893
57560
64117
30233
15610
31289
10662
44234
52965
49102
35358
47681
60944
3903
2779
45630
54567
1414
58037
61751
12626
30723
42666
22954
41941
14828
18220
56383
58428
61616
30913
62484
30844
48524
46544
20141
65436
29373
9120
59719
30676
62320
21995
27947
30206
21348
13775
44317
22612
19808
24071
53406
36804
37196
63988
29660
62083
4264
28117
48578
12990
11145
52711
35446
46868
63852
28281
55343
6019
22268
50113
45179
57334
63748
42360
45146
40400
17477
2503
23941
46843
36460
3138
28034
1696
38439
62064
17111
48165
56381
55010
3974
26131
3876
53295
63936
17243
24394
18480
63546
18955
34662
37249
31101
44694
9739
1283
48260
28878
7994
44688
23786
40992
7262
654
37094
20232
40425
9971
62226
42266
48415
20172
47668
1009
11485
12563
49790
3303
48808
59175
58304
45787
45362
11115
37544
50330
22867
34162
14591
47448
9986
7843
30550
32300
54836
28622
56277
44320
39311
46254
49364
22579
18316
11625
15123
50058
57018
35700
62032
30135
31005
31373
51549
48380
9235
54891
5095
26320
27129
20248
45184
41902
42707
17856
16704
20865
57892
30713
34572
36044
33002
63862
26402
63898
7726
45046
32346
23332
57172
58179
31007
3765
43515
32571
1542
60551
14049
24829
11734
65050
60201
42474
45658
60168
26044
5238
525
40907
50630
63096
39503
65088
16129
49582
9495
14992
58555
48053
48055
7996
58799
36798
47117
14335
41654
18140
18650
42184
45226
45351
5475
21553
57401
55708
40605
49697
11608
6557
11863
24087
23626
29201
6456
31369
55359
57594
49288
13524
34333
17186
56402
34570
62660
3506
47341
58729
37094
42772
62286
57155
34183
7180
51981
40423
34610
704
54225
49352
4003
60921
12141
30985
38633
11774
21182
32983
48105
58432
64750
56625
3821
19122
17039
63182
65138
6604
6389
56934
11604
44299
37619
36442
58544
34361
40653
38130
15449
6671
44067
36306
11248
36064
25253
47744
11939
13803
14262
54936
60654
51361
9799
46858
52055
14018
11810
39058
44792
60896
19626
3489
61030
41879
35450
27707
22424
31975
51824
27952
39476
2665
57042
51383
58393
16933
39089
9658
44903
18176
13014
10295
39278
47555
52213
9971
52539
58160
14940
62225
6434
37229
10567
46360
24059
29104
15337
9599
11022
48825
32400
39378
18915
7457
51093
63372
362
6358
15908
9507
35171
42426
45411
35934
24085
64807
63845
7933
3752
63367
11541
45424
19038
17415
57423
12325
11471
3992
2442
33185
29967
52560
52809
8597
5963
14642
3244
24921
55555
1011
36250
7555
17799
25909
4914
60130
5543
2058
49326
42003
50649
58817
13113
32695
35352
31513
37406
38166
27666
1734
33039
52014
26809
29293
57892
21154
39557
11611
61237
58102
39146
4520
47517
56037
49970
15695
62263
3602
4211
64062
37117
44393
5799
28601
40797
5473
5269
44274
59967
39466
5632
7184
29488
20863
16771
60505
47693
34276
50025
42440
21202
43034
20098
60495
15351
41367
16391
43016
5132
18931
58015
13563
13209
33618
52891
44324
24823
56951
55168
21055
The sum of last 1000 integers is 28575408
what is the sum for last 4 integers?
59777
The sum of last 4 integers is 192951
56573
End of input Commands. Closing the connection
